@relation 'tweetText-weka.filters.unsupervised.attribute.StringToWordVector-R1-W1000-prune-rate-1.0-C-T-N0-L-stemmerweka.core.stemmers.NullStemmer-M1-tokenizerweka.core.tokenizers.NGramTokenizer -delimiters \" \\r\\n\\t.,;:\\\'\\\"()?!\" -max 2 -min 1'

@attribute #bigwet numeric
@attribute '#bigwet #qldfloods' numeric
@attribute #goldcoast numeric
@attribute '#goldcoast is' numeric
@attribute #qldfloods numeric
@attribute as numeric
@attribute 'as system' numeric
@attribute expected numeric
@attribute 'expected in' numeric
@attribute for numeric
@attribute 'for the' numeric
@attribute four numeric
@attribute 'four hours' numeric
@attribute heads numeric
@attribute 'heads to' numeric
@attribute hours numeric
@attribute 'hours as' numeric
@attribute in numeric
@attribute 'in the' numeric
@attribute is numeric
@attribute 'is expected' numeric
@attribute mt@gold_coast_city numeric
@attribute 'mt@gold_coast_city the' numeric
@attribute next numeric
@attribute 'next four' numeric
@attribute nsw numeric
@attribute 'nsw #bigwet' numeric
@attribute system numeric
@attribute 'system heads' numeric
@attribute the numeric
@attribute 'the #goldcoast' numeric
@attribute 'the next' numeric
@attribute 'the worst' numeric
@attribute to numeric
@attribute 'to nsw' numeric
@attribute weather numeric
@attribute 'weather for' numeric
@attribute worst numeric
@attribute 'worst weather' numeric

@data
{0 0.693147,1 0.693147,2 0.693147,3 0.693147,4 0.693147,5 0.693147,6 0.693147,7 0.693147,8 0.693147,9 0.693147,10 0.693147,11 0.693147,12 0.693147,13 0.693147,14 0.693147,15 0.693147,16 0.693147,17 0.693147,18 0.693147,19 0.693147,20 0.693147,21 0.693147,22 0.693147,23 0.693147,24 0.693147,25 0.693147,26 0.693147,27 0.693147,28 0.693147,29 1.386294,30 0.693147,31 0.693147,32 0.693147,33 0.693147,34 0.693147,35 0.693147,36 0.693147,37 0.693147,38 0.693147}
{0 0.693147,1 0.693147,2 0.693147,3 0.693147,4 0.693147,5 0.693147,6 0.693147,7 0.693147,8 0.693147,9 0.693147,10 0.693147,11 0.693147,12 0.693147,13 0.693147,14 0.693147,15 0.693147,16 0.693147,17 0.693147,18 0.693147,19 0.693147,20 0.693147,21 0.693147,22 0.693147,23 0.693147,24 0.693147,25 0.693147,26 0.693147,27 0.693147,28 0.693147,29 1.386294,30 0.693147,31 0.693147,32 0.693147,33 0.693147,34 0.693147,35 0.693147,36 0.693147,37 0.693147,38 0.693147}
{0 0.693147,1 0.693147,2 0.693147,3 0.693147,4 0.693147,5 0.693147,6 0.693147,7 0.693147,8 0.693147,9 0.693147,10 0.693147,11 0.693147,12 0.693147,13 0.693147,14 0.693147,15 0.693147,16 0.693147,17 0.693147,18 0.693147,19 0.693147,20 0.693147,21 0.693147,22 0.693147,23 0.693147,24 0.693147,25 0.693147,26 0.693147,27 0.693147,28 0.693147,29 1.386294,30 0.693147,31 0.693147,32 0.693147,33 0.693147,34 0.693147,35 0.693147,36 0.693147,37 0.693147,38 0.693147}
{0 0.693147,1 0.693147,2 0.693147,3 0.693147,4 0.693147,5 0.693147,6 0.693147,7 0.693147,8 0.693147,9 0.693147,10 0.693147,11 0.693147,12 0.693147,13 0.693147,14 0.693147,15 0.693147,16 0.693147,17 0.693147,18 0.693147,19 0.693147,20 0.693147,21 0.693147,22 0.693147,23 0.693147,24 0.693147,25 0.693147,26 0.693147,27 0.693147,28 0.693147,29 1.386294,30 0.693147,31 0.693147,32 0.693147,33 0.693147,34 0.693147,35 0.693147,36 0.693147,37 0.693147,38 0.693147}
{0 0.693147,1 0.693147,2 0.693147,3 0.693147,4 0.693147,5 0.693147,6 0.693147,7 0.693147,8 0.693147,9 0.693147,10 0.693147,11 0.693147,12 0.693147,13 0.693147,14 0.693147,15 0.693147,16 0.693147,17 0.693147,18 0.693147,19 0.693147,20 0.693147,21 0.693147,22 0.693147,23 0.693147,24 0.693147,25 0.693147,26 0.693147,27 0.693147,28 0.693147,29 1.386294,30 0.693147,31 0.693147,32 0.693147,33 0.693147,34 0.693147,35 0.693147,36 0.693147,37 0.693147,38 0.693147}
